34.7186258172
36.1187881895
37.5359223741
39.0216962525
40.5074701308
42.3400028381
44.6649638144
46.2272851669
47.3482484948
48.4692118227
49.5901751505
50.557983095
51.5163639554
52.4747448159
53.4331256763
56.8081343943
58.6937191035
59.6875018955
60.6812846875
61.6750674795
63.271909019
65.264732713
66.8095512183
67.9526276316
69.0957040448
70.238780458
72.6614455484
74.8457838308
76.1118130011
77.3778421714
78.652252821
80.3760225151
82.0997922092
83.799737715
85.4849443287
87.1955709187
89.037349296
90.8791276733
92.1416210033
93.3507499862
94.559878969
95.7670988506
96.9723586207
98.1776183908
99.4233955342
101.30191762
103.180439705
105.298949379
107.457365873
109.096488003
110.702644413
112.138974386
113.278592171
114.418209957
115.557827743
117.615033753
120.003618942
121.351181297
122.698743651
124.046306006
126.1211767
128.249107085
129.907037709
131.558983666
132.920052509
133.969199244
135.01834598
136.067492716
137.666035114
139.735505873
141.518179686
143.055500821
144.592821956
146.340033775
148.125074903
149.73654372
151.193579226
152.650614731
154.342523249
156.140345102
157.750010012
159.062357323
160.374704634
161.760830168
163.3878007
165.014771232
166.644175748
168.274667861
169.851925826
171.135209227
172.418492628
173.701776029
175.072222572
176.449347538
177.826472504
179.079701074
180.322749516
181.565797959
183.221582011
185.158053364
186.646193443
187.604574303
188.562955164
189.521336024
190.660372195
192.902298851
194.777133288
195.774864885
196.772596483
197.770328081
199.007024266
201.622605364
203.493301625
204.792072929
206.090844233
207.363834423
208.594696116
209.825557809
211.051391181
212.000115811
212.948840441
213.897565071
214.846289701
216.399075896
218.268275292
219.688702754
220.543739481
221.398776208
222.253812935
223.108849661
224.227440311
225.5195284
226.81161649
228.03516694
229.156130268
230.277093596
231.398056924
232.490509408
233.571266017
234.652022626
235.732779234
236.715572716
237.685054513
238.65453631
239.624018107
240.858751258
242.261521009
243.66429076
244.659837445
245.447794931
246.235752417
247.023709902
247.811667388
248.72903519
249.831944935
250.934854681
252.037764427
253.593032462
255.382313594
256.726283012
257.230154154
257.734025295
258.237896436
258.741767578
259.245638719
259.74950986
260.253381002
260.792669924
261.560546944
262.328423963
263.096300983
263.864178003
264.632055022
265.130756436
265.537499069
265.944241702
266.350984335
266.757726968
267.164469601
267.571212234
267.977954867
268.3846975
268.791440133
270.830870279
273.321312626
274.040098271
274.758883917
275.477669562
276.196455208
276.915240853
277.568741484
278.168015435
278.767289386
279.366563337
279.965837288
280.565111239
281.16438519
281.622698978
282.00218883
282.381678682
282.761168534
283.140658386
283.520148238
283.89963809
284.279127942
284.658617794
285.038107646
285.417597498
285.875162934
286.360528499
286.845894063
287.331259628
287.816625193
288.301990757
288.787356322
289.272721886
289.72810581
290.072072639
290.416039469
290.760006298
291.103973128
291.447939957
291.791906786
292.135873616
292.479840445
292.823807274
293.167774104
293.511740933
293.915081605
294.585266086
295.255450567
295.925635047
296.595819528
297.266004009
297.934943459
298.443234523
298.951525587
299.45981665
299.968107714
300.476398778
300.984689841
301.492980905
302.001271969
302.35237069
302.679318327
303.006265964
303.333213602
303.660161239
303.987108876
304.314056513
304.641004151
304.967951788
305.294899425
305.621847063
305.9487947
306.345429905
307.003322793
307.66121568
308.319108568
308.977001456
309.634894343
310.292787231
310.743506408
311.176430176
311.609353944
312.042277712
312.47520148
312.908125248
313.341049016
313.773972784
314.206896552
314.736743153
315.436824339
316.136905525
316.836986711
317.537067897
318.237149083
318.82021965
319.26151277
319.702805891
320.144099011
320.585392131
321.026685251
321.467978372
321.909271492
322.350564612
322.839096764
323.907589468
324.976082172
326.044574876
326.990026114
327.451316595
327.912607077
328.373897558
328.83518804
329.296478521
329.757769003
330.219059484
330.680349966
331.209646428
331.963687826
332.717729223
333.471770621
334.225812019
334.979853417
335.863201404
336.790895193
337.718588981
338.64628277
339.513832437
340.229885057
340.945937678
341.661990298
342.378042918
343.094095538
343.816804086
344.546027083
345.275250081
346.004473078
346.733696075
347.462919073
348.624235146
349.873467909
351.122700673
352.075731711
352.753758134
353.431784558
354.109810981
354.787837404
355.465863828
358.49319038
0.577441661463
1.33527602396
2.09311038646
2.85094474895
3.60877911145
5.2917906529
8.49850713943
9.51235284108
10.5261985427
11.5400442444
12.5151484628
13.2486317698
13.9821150768
14.7155983839
15.4490816909
16.1825649979
18.5004789272
21.0461493022
21.8526668143
22.6591843265
23.4657018386
24.2722193507
25.3955637194
27.2195040494
29.0109747386
30.0749399312
31.1389051237
32.2028703163
33.3184634449
34.7186258172
